685134.1570 165.8626
685134.1618 165.8634
685134.1666 165.8638
685134.1714 165.8638
685134.1762 165.8636
685134.1810 165.8629
685134.1858 165.8619
685134.1906 165.8605
685134.1954 165.8588
685134.2002 165.8567
685134.2050 165.8543
685134.2099 165.8515
685134.2147 165.8483
685134.2195 165.8447
685134.2243 165.8408
685134.2291 165.8366
685134.2339 165.8319
685134.2387 165.8269
685134.2435 165.8216
685134.2483 165.8159
685134.2531 165.8098
685134.2579 165.8034
685134.2627 165.7966
685134.2675 165.7895
685134.2723 165.7821
685134.2771 165.7744
685134.2819 165.7663
685134.2867 165.7579
685134.2915 165.7492
685134.2963 165.7402
685134.3011 165.7309
685134.3059 165.7213
685134.3108 165.7114
685134.3156 165.7013
685134.3204 165.6909
685134.3252 165.6803
685134.3300 165.6694
685134.3348 165.6583
685134.3396 165.6469
685134.3444 165.6354
685134.3492 165.6237
685134.3540 165.6118
685134.3588 165.5997
685134.3636 165.5875
685134.3684 165.5751
685134.3732 165.5626
685134.3780 165.5500
685134.3828 165.5373
685134.3876 165.5245
685134.3924 165.5116
685134.3972 165.4986
685134.4020 165.4857
685134.4068 165.4726
685134.4117 165.4596
685134.4165 165.4465
685134.4213 165.4335
685134.4261 165.4205
685134.4309 165.4075
685134.4357 165.3946
685134.4405 165.3818
685134.4453 165.3691
685134.4501 165.3564
685134.4549 165.3439
685134.4597 165.3315
685134.4645 165.3193
685134.4693 165.3072
685134.4741 165.2953
685134.4789 165.2836
685134.4837 165.2721
685134.4885 165.2608
685134.4933 165.2498
685134.4981 165.2390
685134.5029 165.2284
685134.5078 165.2182
685134.5126 165.2082
685134.5174 165.1986
685134.5222 165.1892
685134.5270 165.1802
685134.5318 165.1716
685134.5366 165.1632
685134.5414 165.1553
685134.5462 165.1477
685134.5510 165.1405
685134.5558 165.1337
685134.5606 165.1273
685134.5654 165.1214
685134.5702 165.1158
685134.5750 165.1107
685134.5798 165.1060
685134.5846 165.1018
685134.5894 165.0981
685134.5942 165.0947
685134.5990 165.0919
685134.6038 165.0896
685134.6087 165.0877
685134.6135 165.0863
685134.6183 165.0854
685134.6231 165.0850
685134.6279 165.0850
685134.6327 165.0856
685134.6375 165.0867
685134.6423 165.0882
685134.6471 165.0903
685134.6519 165.0929
685134.6567 165.0959
685134.6615 165.0995
685134.6663 165.1036
685134.6711 165.1081
685134.6759 165.1131
685134.6807 165.1187
685134.6855 165.1246
685134.6903 165.1311
685134.6951 165.1380
685134.6999 165.1454
685134.7047 165.1533
685134.7096 165.1616
685134.7144 165.1703
685134.7192 165.1795
685134.7240 165.1890
685134.7288 165.1990
685134.7336 165.2094
685134.7384 165.2201
685134.7432 165.2313
685134.7480 165.2427
685134.7528 165.2546
685134.7576 165.2667
685134.7624 165.2792
685134.7672 165.2920
685134.7720 165.3050
685134.7768 165.3183
685134.7816 165.3319
685134.7864 165.3457
685134.7912 165.3597
685134.7960 165.3740
685134.8008 165.3884
685134.8056 165.4029
685134.8105 165.4176
685134.8153 165.4324
685134.8201 165.4473
685134.8249 165.4623
685134.8297 165.4773
685134.8345 165.4924
685134.8393 165.5075
685134.8441 165.5225
685134.8489 165.5376
685134.8537 165.5526
685134.8585 165.5675
685134.8633 165.5822
685134.8681 165.5969
685134.8729 165.6114
685134.8777 165.6258
685134.8825 165.6399
685134.8873 165.6539
685134.8921 165.6675
685134.8969 165.6809
685134.9017 165.6941
685134.9065 165.7069
685134.9114 165.7193
685134.9162 165.7314
685134.9210 165.7432
685134.9258 165.7545
685134.9306 165.7653
685134.9354 165.7758
685134.9402 165.7857
685134.9450 165.7952
685134.9498 165.8041
685134.9546 165.8125
685134.9594 165.8203
685134.9642 165.8275
685134.9690 165.8342
685134.9738 165.8402
685134.9786 165.8456
685134.9834 165.8503
685134.9882 165.8543
685134.9930 165.8577
685134.9978 165.8603
685135.0026 165.8623
685135.0075 165.8634
685135.0123 165.8638
685135.0171 165.8635
685135.0219 165.8624
685135.0267 165.8605
685135.0315 165.8578
685135.0363 165.8543
685135.0411 165.8499
685135.0459 165.8448
685135.0507 165.8387
685135.0555 165.8319
685135.0603 165.8242
685135.0651 165.8157
685135.0699 165.8063
685135.0747 165.7960
685135.0795 165.7849
685135.0843 165.7729
685135.0891 165.7601
685135.0939 165.7464
685135.0987 165.7319
685135.1035 165.7165
685135.1084 165.7003
685135.1132 165.6832
685135.1180 165.6653
685135.1228 165.6466
685135.1276 165.6271
685135.1324 165.6068
685135.1372 165.5857
685135.1420 165.5638
685135.1468 165.5412
685135.1516 165.5178
685135.1564 165.4937
685135.1612 165.4689
685135.1660 165.4434
685135.1708 165.4172
685135.1756 165.3903
685135.1804 165.3628
685135.1852 165.3347
685135.1900 165.3060
685135.1948 165.2768
685135.1996 165.2470
685135.2044 165.2167
685135.2093 165.1859
685135.2141 165.1546
685135.2189 165.1229
685135.2237 165.0908
685135.2285 165.0583
685135.2333 165.0255
685135.2381 164.9923
685135.2429 164.9589
685135.2477 164.9252
685135.2525 164.8913
685135.2573 164.8572
685135.2621 164.8230
685135.2669 164.7886
685135.2717 164.7541
685135.2765 164.7196
685135.2813 164.6851
685135.2861 164.6506
685135.2909 164.6162
685135.2957 164.5818
685135.3005 164.5476
685135.3053 164.5135
685135.3102 164.4796
685135.3150 164.4460
685135.3198 164.4126
685135.3246 164.3796
685135.3294 164.3469
685135.3342 164.3145
685135.3390 164.2826
685135.3438 164.2512
685135.3486 164.2202
685135.3534 164.1897
685135.3582 164.1598
685135.3630 164.1305
685135.3678 164.1019
685135.3726 164.0739
685135.3774 164.0465
685135.3822 164.0200
685135.3870 163.9941
685135.3918 163.9691
685135.3966 163.9449
685135.4014 163.9215
685135.4062 163.8991
685135.4111 163.8775
685135.4159 163.8569
685135.4207 163.8373
685135.4255 163.8187
685135.4303 163.8011
685135.4351 163.7845
685135.4399 163.7691
685135.4447 163.7547
685135.4495 163.7414
685135.4543 163.7293
685135.4591 163.7184
685135.4639 163.7087
685135.4687 163.7001
685135.4735 163.6928
685135.4783 163.6867
685135.4831 163.6819
685135.4879 163.6783
685135.4927 163.6760
685135.4975 163.6750
685135.5023 163.6754
685135.5072 163.6770
685135.5120 163.6799
685135.5168 163.6842
685135.5216 163.6898
685135.5264 163.6967
685135.5312 163.7049
685135.5360 163.7145
685135.5408 163.7255
685135.5456 163.7377
685135.5504 163.7513
685135.5552 163.7662
685135.5600 163.7824
685135.5648 163.7999
685135.5696 163.8187
685135.5744 163.8388
685135.5792 163.8601
685135.5840 163.8827
685135.5888 163.9065
685135.5936 163.9316
685135.5984 163.9578
685135.6032 163.9852
685135.6081 164.0137
685135.6129 164.0434
685135.6177 164.0741
685135.6225 164.1059
685135.6273 164.1388
685135.6321 164.1726
685135.6369 164.2073
685135.6417 164.2430
685135.6465 164.2796
685135.6513 164.3170
685135.6561 164.3552
685135.6609 164.3941
685135.6657 164.4338
685135.6705 164.4741
685135.6753 164.5150
685135.6801 164.5564
685135.6849 164.5984
685135.6897 164.6408
685135.6945 164.6835
685135.6993 164.7266
685135.7041 164.7699
685135.7090 164.8135
685135.7138 164.8571
685135.7186 164.9009
685135.7234 164.9446
685135.7282 164.9882
685135.7330 165.0317
685135.7378 165.0750
685135.7426 165.1180
685135.7474 165.1606
685135.7522 165.2027
685135.7570 165.2444
685135.7618 165.2854
685135.7666 165.3257
685135.7714 165.3653
685135.7762 165.4040
685135.7810 165.4417
685135.7858 165.4784
685135.7906 165.5141
685135.7954 165.5485
685135.8002 165.5816
685135.8050 165.6134
685135.8099 165.6436
685135.8147 165.6724
685135.8195 165.6995
685135.8243 165.7248
685135.8291 165.7483
685135.8339 165.7699
685135.8387 165.7895
685135.8435 165.8071
685135.8483 165.8224
685135.8531 165.8355
685135.8579 165.8462
685135.8627 165.8544
685135.8675 165.8602
685135.8723 165.8633
685135.8771 165.8637
685135.8819 165.8613
685135.8867 165.8561
685135.8915 165.8480
685135.8963 165.8368
685135.9011 165.8226
685135.9059 165.8051
685135.9108 165.7845
685135.9156 165.7605
685135.9204 165.7332
685135.9252 165.7024
685135.9300 165.6682
685135.9348 165.6304
685135.9396 165.5890
685135.9444 165.5439
685135.9492 165.4951
685135.9540 165.4426
685135.9588 165.3862
685135.9636 165.3261
685135.9684 165.2621
685135.9732 165.1941
685135.9780 165.1223
685135.9828 165.0465
685135.9876 164.9667
685135.9924 164.8829
685135.9972 164.7952
685136.0020 164.7034
685136.0068 164.6076
685136.0117 164.5078
685136.0165 164.4040
685136.0213 164.2962
685136.0261 164.1844
685136.0309 164.0686
685136.0357 163.9489
685136.0405 163.8253
685136.0453 163.6978
685136.0501 163.5664
685136.0549 163.4311
685136.0597 163.2921
685136.0645 163.1494
685136.0693 163.0029
685136.0741 162.8529
685136.0789 162.6992
685136.0837 162.5420
685136.0885 162.3814
685136.0933 162.2173
685136.0981 162.0499
685136.1029 161.8793
685136.1078 161.7055
685136.1126 161.5286
685136.1174 161.3487
685136.1222 161.1658
685136.1270 160.9801
685136.1318 160.7916
685136.1366 160.6005
685136.1414 160.4067
685136.1462 160.2105
685136.1510 160.0120
685136.1558 159.8111
685136.1606 159.6080
685136.1654 159.4029
685136.1702 159.1958
685136.1750 158.9868
685136.1798 158.7760
685136.1846 158.5636
685136.1894 158.3496
685136.1942 158.1342
685136.1990 157.9174
685136.2038 157.6994
685136.2087 157.4803
685136.2135 157.2602
685136.2183 157.0391
685136.2231 156.8173
685136.2279 156.5948
685136.2327 156.3717
685136.2375 156.1481
685136.2423 155.9241
685136.2471 155.6999
685136.2519 155.4756
685136.2567 155.2512
685136.2615 155.0269
685136.2663 154.8027
685136.2711 154.5788
685136.2759 154.3552
685136.2807 154.1322
685136.2855 153.9097
685136.2903 153.6878
685136.2951 153.4668
685136.2999 153.2465
685136.3047 153.0273
685136.3096 152.8091
685136.3144 152.5920
685136.3192 152.3761
685136.3240 152.1616
685136.3288 151.9484
685136.3336 151.7367
685136.3384 151.5266
685136.3432 151.3182
685136.3480 151.1114
685136.3528 150.9065
685136.3576 150.7035
685136.3624 150.5024
685136.3672 150.3034
685136.3720 150.1064
685136.3768 149.9117
685136.3816 149.7191
685136.3864 149.5289
685136.3912 149.3411
685136.3960 149.1557
685136.4008 148.9727
685136.4056 148.7924
685136.4105 148.6147
685136.4153 148.4396
685136.4201 148.2673
685136.4249 148.0977
685136.4297 147.9310
685136.4345 147.7672
685136.4393 147.6063
685136.4441 147.4484
685136.4489 147.2935
685136.4537 147.1417
685136.4585 146.9930
685136.4633 146.8475
685136.4681 146.7051
685136.4729 146.5661
685136.4777 146.4302
685136.4825 146.2977
685136.4873 146.1686
685136.4921 146.0428
685136.4969 145.9205
685136.5017 145.8016
685136.5065 145.6861
685136.5114 145.5742
685136.5162 145.4658
685136.5210 145.3610
685136.5258 145.2597
685136.5306 145.1621
685136.5354 145.0681
685136.5402 144.9778
685136.5450 144.8911
685136.5498 144.8081
685136.5546 144.7289
685136.5594 144.6534
685136.5642 144.5816
685136.5690 144.5136
685136.5738 144.4494
685136.5786 144.3890
685136.5834 144.3324
685136.5882 144.2796
685136.5930 144.2307
685136.5978 144.1856
685136.6026 144.1444
685136.6075 144.1070
685136.6123 144.0735
685136.6171 144.0439
685136.6219 144.0182
685136.6267 143.9963
685136.6315 143.9784
685136.6363 143.9644
685136.6411 143.9542
685136.6459 143.9480
685136.6507 143.9457
685136.6555 143.9473
685136.6603 143.9528
685136.6651 143.9622
685136.6699 143.9755
685136.6747 143.9927
685136.6795 144.0138
685136.6843 144.0388
685136.6891 144.0677
685136.6939 144.1005
685136.6987 144.1371
685136.7035 144.1776
685136.7084 144.2220
685136.7132 144.2702
685136.7180 144.3223
685136.7228 144.3782
685136.7276 144.4379
685136.7324 144.5014
685136.7372 144.5686
685136.7420 144.6397
685136.7468 144.7145
685136.7516 144.7931
685136.7564 144.8754
685136.7612 144.9613
685136.7660 145.0510
685136.7708 145.1443
685136.7756 145.2413
685136.7804 145.3418
685136.7852 145.4460
685136.7900 145.5537
685136.7948 145.6650
685136.7996 145.7798
685136.8044 145.8980
685136.8093 146.0197
685136.8141 146.1449
685136.8189 146.2734
685136.8237 146.4053
685136.8285 146.5405
685136.8333 146.6790
685136.8381 146.8207
685136.8429 146.9656
685136.8477 147.1137
685136.8525 147.2650
685136.8573 147.4193
685136.8621 147.5766
685136.8669 147.7369
685136.8717 147.9002
685136.8765 148.0664
685136.8813 148.2354
685136.8861 148.4073
685136.8909 148.5818
685136.8957 148.7590
685136.9005 148.9389
685136.9053 149.1214
685136.9102 149.3063
685136.9150 149.4937
685136.9198 149.6835
685136.9246 149.8756
685136.9294 150.0699
685136.9342 150.2665
685136.9390 150.4651
685136.9438 150.6658
685136.9486 150.8685
685136.9534 151.0731
685136.9582 151.2795
685136.9630 151.4876
685136.9678 151.6974
685136.9726 151.9088
685136.9774 152.1217
685136.9822 152.3360
685136.9870 152.5516
685136.9918 152.7685
685136.9966 152.9865
685137.0014 153.2056
685137.0062 153.4256
685137.0111 153.6465
685137.0159 153.8682
685137.0207 154.0906
685137.0255 154.3136
685137.0303 154.5371
685137.0351 154.7609
685137.0399 154.9850
685137.0447 155.2093
685137.0495 155.4337
685137.0543 155.6581
685137.0591 155.8823
685137.0639 156.1063
685137.0687 156.3300
685137.0735 156.5532
685137.0783 156.7758
685137.0831 156.9978
685137.0879 157.2190
685137.0927 157.4393
685137.0975 157.6586
685137.1023 157.8769
685137.1072 158.0939
685137.1120 158.3096
685137.1168 158.5238
685137.1216 158.7365
685137.1264 158.9476
685137.1312 159.1569
685137.1360 159.3644
685137.1408 159.5699
685137.1456 159.7734
685137.1504 159.9747
685137.1552 160.1737
685137.1600 160.3703
685137.1648 160.5645
685137.1696 160.7562
685137.1744 160.9451
685137.1792 161.1314
685137.1840 161.3148
685137.1888 161.4953
685137.1936 161.6727
685137.1984 161.8471
685137.2032 162.0184
685137.2081 162.1863
685137.2129 162.3510
685137.2177 162.5123
685137.2225 162.6702
685137.2273 162.8245
685137.2321 162.9752
685137.2369 163.1224
685137.2417 163.2658
685137.2465 163.4055
685137.2513 163.5414
685137.2561 163.6735
685137.2609 163.8018
685137.2657 163.9262
685137.2705 164.0466
685137.2753 164.1631
685137.2801 164.2756
685137.2849 164.3842
685137.2897 164.4887
685137.2945 164.5893
685137.2993 164.6858
685137.3041 164.7783
685137.3090 164.8669
685137.3138 164.9514
685137.3186 165.0319
685137.3234 165.1084
685137.3282 165.1810
685137.3330 165.2497
685137.3378 165.3144
685137.3426 165.3753
685137.3474 165.4324
685137.3522 165.4856
685137.3570 165.5351
685137.3618 165.5808
685137.3666 165.6229
685137.3714 165.6614
685137.3762 165.6963
685137.3810 165.7277
685137.3858 165.7557
685137.3906 165.7803
685137.3954 165.8015
685137.4002 165.8195
685137.4050 165.8344
685137.4099 165.8461
685137.4147 165.8548
685137.4195 165.8606
685137.4243 165.8635
685137.4291 165.8636
685137.4339 165.8609
685137.4387 165.8557
685137.4435 165.8479
685137.4483 165.8376
685137.4531 165.8250
685137.4579 165.8101
685137.4627 165.7930
685137.4675 165.7737
685137.4723 165.7525
685137.4771 165.7293
685137.4819 165.7043
685137.4867 165.6775
685137.4915 165.6491
685137.4963 165.6191
685137.5011 165.5876
685137.5059 165.5548
685137.5108 165.5206
685137.5156 165.4852
685137.5204 165.4486
685137.5252 165.4111
685137.5300 165.3725
685137.5348 165.3331
685137.5396 165.2930
685137.5444 165.2521
685137.5492 165.2105
685137.5540 165.1685
685137.5588 165.1259
685137.5636 165.0830
685137.5684 165.0398
685137.5732 164.9963
685137.5780 164.9527
685137.5828 164.9090
685137.5876 164.8653
685137.5924 164.8216
685137.5972 164.7780
685137.6020 164.7347
685137.6068 164.6915
685137.6117 164.6487
685137.6165 164.6062
685137.6213 164.5642
685137.6261 164.5227
685137.6309 164.4817
685137.6357 164.4412
685137.6405 164.4015
685137.6453 164.3624
685137.6501 164.3241
685137.6549 164.2865
685137.6597 164.2498
685137.6645 164.2139
685137.6693 164.1790
685137.6741 164.1450
685137.6789 164.1120
685137.6837 164.0800
685137.6885 164.0490
685137.6933 164.0192
685137.6981 163.9904
685137.7029 163.9628
685137.7078 163.9364
685137.7126 163.9111
685137.7174 163.8871
685137.7222 163.8642
685137.7270 163.8427
685137.7318 163.8223
685137.7366 163.8033
685137.7414 163.7856
685137.7462 163.7691
685137.7510 163.7540
685137.7558 163.7401
685137.7606 163.7276
685137.7654 163.7165
685137.7702 163.7066
685137.7750 163.6981
685137.7798 163.6910
685137.7846 163.6851
685137.7894 163.6806
685137.7942 163.6774
685137.7990 163.6756
685137.8038 163.6750
685137.8087 163.6757
685137.8135 163.6778
685137.8183 163.6811
685137.8231 163.6857
685137.8279 163.6916
685137.8327 163.6987
685137.8375 163.7070
685137.8423 163.7165
685137.8471 163.7272
685137.8519 163.7391
685137.8567 163.7521
685137.8615 163.7663
685137.8663 163.7816
685137.8711 163.7979
685137.8759 163.8153
685137.8807 163.8338
685137.8855 163.8532
685137.8903 163.8736
685137.8951 163.8950
685137.8999 163.9173
685137.9047 163.9405
685137.9096 163.9645
685137.9144 163.9894
685137.9192 164.0151
685137.9240 164.0415
685137.9288 164.0687
685137.9336 164.0966
685137.9384 164.1251
685137.9432 164.1543
685137.9480 164.1841
685137.9528 164.2145
685137.9576 164.2453
685137.9624 164.2767
685137.9672 164.3085
685137.9720 164.3408
685137.9768 164.3735
685137.9816 164.4064
685137.9864 164.4398
685137.9912 164.4733
685137.9960 164.5072
685138.0008 164.5412
685138.0056 164.5754
685138.0105 164.6097
685138.0153 164.6442
685138.0201 164.6787
685138.0249 164.7132
685138.0297 164.7477
685138.0345 164.7822
685138.0393 164.8166
685138.0441 164.8508
685138.0489 164.8850
685138.0537 164.9189
685138.0585 164.9526
685138.0633 164.9861
685138.0681 165.0193
685138.0729 165.0522
685138.0777 165.0848
685138.0825 165.1169
685138.0873 165.1487
685138.0921 165.1801
685138.0969 165.2110
685138.1017 165.2414
685138.1065 165.2713
685138.1114 165.3006
685138.1162 165.3294
685138.1210 165.3576
685138.1258 165.3852
685138.1306 165.4122
685138.1354 165.4385
685138.1402 165.4642
685138.1450 165.4891
685138.1498 165.5134
685138.1546 165.5369
685138.1594 165.5597
685138.1642 165.5817
685138.1690 165.6029
685138.1738 165.6234
685138.1786 165.6431
685138.1834 165.6619
685138.1882 165.6800
685138.1930 165.6972
685138.1978 165.7135
685138.2026 165.7291
685138.2075 165.7438
685138.2123 165.7576
685138.2171 165.7706
685138.2219 165.7827
685138.2267 165.7940
685138.2315 165.8044
685138.2363 165.8140
685138.2411 165.8227
685138.2459 165.8305
685138.2507 165.8375
685138.2555 165.8437
685138.2603 165.8490
685138.2651 165.8535
685138.2699 165.8572
685138.2747 165.8601
685138.2795 165.8621
685138.2843 165.8634
685138.2891 165.8639
685138.2939 165.8636
685138.2987 165.8625
685138.3035 165.8608
685138.3084 165.8582
685138.3132 165.8550
685138.3180 165.8511
685138.3228 165.8465
685138.3276 165.8412
685138.3324 165.8353
685138.3372 165.8288
685138.3420 165.8217
685138.3468 165.8140
685138.3516 165.8057
685138.3564 165.7969
685138.3612 165.7875
685138.3660 165.7777
685138.3708 165.7673
685138.3756 165.7565
685138.3804 165.7453
685138.3852 165.7337
685138.3900 165.7216
685138.3948 165.7092
685138.3996 165.6965
685138.4044 165.6834
685138.4093 165.6701
685138.4141 165.6564
685138.4189 165.6425
685138.4237 165.6284
685138.4285 165.6141
685138.4333 165.5996
685138.4381 165.5850
685138.4429 165.5702
685138.4477 165.5553
685138.4525 165.5404
685138.4573 165.5254
685138.4621 165.5103
685138.4669 165.4952
685138.4717 165.4801
685138.4765 165.4651
685138.4813 165.4501
685138.4861 165.4352
685138.4909 165.4204
685138.4957 165.4056
685138.5005 165.3911
685138.5053 165.3766
685138.5102 165.3624
685138.5150 165.3483
685138.5198 165.3345
685138.5246 165.3209
685138.5294 165.3075
685138.5342 165.2944
685138.5390 165.2816
685138.5438 165.2690
685138.5486 165.2568
685138.5534 165.2449
685138.5582 165.2334
685138.5630 165.2222
685138.5678 165.2114
685138.5726 165.2009
685138.5774 165.1909
685138.5822 165.1812
685138.5870 165.1720
685138.5918 165.1632
685138.5966 165.1548
685138.6014 165.1469
685138.6062 165.1394
685138.6111 165.1324
685138.6159 165.1258
685138.6207 165.1197
685138.6255 165.1141
685138.6303 165.1090
685138.6351 165.1044
685138.6399 165.1002
685138.6447 165.0966
685138.6495 165.0934
685138.6543 165.0908
685138.6591 165.0886
685138.6639 165.0869
685138.6687 165.0858
685138.6735 165.0851
685138.6783 165.0849
685138.6831 165.0853
685138.6879 165.0861
685138.6927 165.0874
685138.6975 165.0892
685138.7023 165.0914
685138.7072 165.0942
685138.7120 165.0974
685138.7168 165.1011
685138.7216 165.1052
685138.7264 165.1098
685138.7312 165.1148
685138.7360 165.1203
685138.7408 165.1262
685138.7456 165.1325
685138.7504 165.1392
685138.7552 165.1463
685138.7600 165.1538
685138.7648 165.1617
685138.7696 165.1700
685138.7744 165.1786
685138.7792 165.1875
685138.7840 165.1968
685138.7888 165.2064
685138.7936 165.2163
685138.7984 165.2265
685138.8032 165.2370
685138.8081 165.2477
685138.8129 165.2587
685138.8177 165.2700
685138.8225 165.2814
685138.8273 165.2931
685138.8321 165.3050
685138.8369 165.3170
685138.8417 165.3292
685138.8465 165.3416
685138.8513 165.3541
685138.8561 165.3667
685138.8609 165.3794
685138.8657 165.3922
685138.8705 165.4051
685138.8753 165.4181
685138.8801 165.4311
685138.8849 165.4441
685138.8897 165.4572
685138.8945 165.4702
685138.8993 165.4832
685138.9041 165.4962
685138.9090 165.5092
685138.9138 165.5221
685138.9186 165.5349
685138.9234 165.5476
685138.9282 165.5603
685138.9330 165.5728
685138.9378 165.5852
685138.9426 165.5975
685138.9474 165.6096
685138.9522 165.6215
685138.9570 165.6332
