685134.1570 165.2130 1.9245
685134.2770 166.1818 1.7408
685134.3970 168.5294 2.4254
685134.5170 163.2292 2.8868
685134.6370 164.9211 2.2942
685134.7570 164.8462 1.9612
685134.8770 166.9868 1.6222
685134.9970 166.7045 2.1320
685135.1170 166.1087 2.0851
685135.2370 160.3333 2.0412
685135.3570 162.8357 1.6903
685135.4770 162.8906 1.7678
685135.5970 163.6250 2.2361
685135.7170 165.7900 2.0000
685135.8370 168.2981 1.9612
685135.9570 162.0952 2.1822
685136.0770 164.3190 1.8570
685136.1970 156.2105 2.2942
685136.3170 151.0882 1.7150
685136.4370 154.5119 2.1822
685136.5570 143.2411 1.8898
685136.6770 143.0776 1.8570
685136.7970 145.6196 2.0851
685136.9170 149.5200 2.0000
685137.0370 155.9338 1.7150
685137.1570 157.4833 1.8257
685137.2770 164.6696 1.8898
685137.3970 163.7500 1.8898
685137.5170 164.4545 1.7408
685137.6370 161.8100 2.0000
685137.7570 164.4224 1.8570
685137.8770 163.2500 1.9245
685137.9970 165.7411 1.8898
685138.1170 167.1739 2.0851
685138.2370 166.9083 1.8257
685138.3570 166.3187 1.5811
685138.4770 165.2652 1.7408
685138.5970 164.2045 2.1320
685138.7170 167.3382 1.7150
685138.8370 164.9839 1.7961
685138.9570 167.8571 1.8898
